-----------------------------------
loss: 0.25576909854162083 0.2312889963741261 0.23022441993872306 0.2310306121381218 0.23231008273553203 0.23396302717705228 0.2358648941842477 0.2382799804527479 0.24029477605585833 0.2433257505106851
after_output_loss: 0.17017930955789204 0.15794493705142262 0.1572783607427021 0.1572944413124435 0.15767892078375234 0.1581729006145521 0.15868408310241272 0.15917941320378817 0.15863767370678833 0.1594946899562246
concurrent_output_loss: 0.08558978898361627 0.07334405905257718 0.07294605912998009 0.07373617089502403 0.07463116175118194 0.07579012648470243 0.07718081098028447 0.07910056736166236 0.08165710241949863 0.0838310604842288
after_output_acc: 0.9170403995644099 0.9239097625542793 0.9245892752481273 0.9250976500461631 0.9253103121895524 0.9258413384950919 0.9267737802516783 0.9272318221745672 0.9283114903703005 0.9286134965064359
concurrent_output_acc: 0.9679209965673383 0.9711298039495787 0.9719225686510625 0.9723197050099213 0.9727243926681219 0.9728602949735997 0.9729720368192921 0.972683621867033 0.9725613093629613 0.9726353013218817
-----------------------------------
score0.24987377274053688 0.16477027420101129 0.08510349834990288 0.923881861893034 0.9718297969260651
